1.001 1.000
1.002 1.001
1.003 1.001
1.004 1.002
1.005 1.002
1.006 1.003
1.007 1.003
1.008 1.004
1.009 1.004
1.010 1.005
1.011 1.005
1.012 1.006
1.013 1.006
1.014 1.007
1.015 1.007
1.016 1.008
1.017 1.008
1.018 1.009
1.019 1.009
1.020 1.010
1.021 1.010
1.022 1.011
1.023 1.011
1.024 1.012
1.025 1.012
1.026 1.013
1.027 1.013
1.028 1.014
1.029 1.014
1.030 1.015
1.031 1.015
1.032 1.016
1.033 1.016
1.034 1.017
1.035 1.017
1.036 1.018
1.037 1.018
1.038 1.019
1.039 1.019
1.040 1.020
1.041 1.020
1.042 1.021
1.043 1.021
1.044 1.022
1.045 1.022
1.046 1.023
1.047 1.023
1.048 1.024
1.049 1.024
1.050 1.025
1.051 1.025
1.052 1.026
1.053 1.026
1.054 1.026
1.055 1.027
1.056 1.027
1.057 1.028
1.058 1.028
1.059 1.029
1.060 1.029
1.061 1.030
1.062 1.030
1.063 1.031
1.064 1.031
1.065 1.032
1.066 1.032
1.067 1.033
1.068 1.033
1.069 1.034
1.070 1.034
1.071 1.035
1.072 1.035
1.073 1.036
1.074 1.036
1.075 1.036
1.076 1.037
1.077 1.037
1.078 1.038
1.079 1.038
1.080 1.039
1.081 1.039
1.082 1.040
1.083 1.040
1.084 1.041
1.085 1.041
1.086 1.042
1.087 1.042
1.088 1.043
1.089 1.043
1.090 1.044
1.091 1.044
1.092 1.045
1.093 1.045
1.094 1.045
1.095 1.046
1.096 1.046
1.097 1.047
1.098 1.047
1.099 1.048
1.100 1.048
1.101 1.049
1.102 1.049
1.103 1.050
1.104 1.050
1.105 1.051
1.106 1.051
1.107 1.051
1.108 1.052
1.109 1.052
1.110 1.053
1.111 1.053
1.112 1.054
1.113 1.054
1.114 1.055
1.115 1.055
1.116 1.056
1.117 1.056
1.118 1.057
1.119 1.057
1.120 1.057
1.121 1.058
1.122 1.058
1.123 1.059
1.124 1.059
1.125 1.060
1.126 1.060
1.127 1.061
1.128 1.061
1.129 1.062
1.130 1.062
1.131 1.063
1.132 1.063
1.133 1.063
1.134 1.064
1.135 1.064
1.136 1.065
1.137 1.065
1.138 1.066
1.139 1.066
1.140 1.067
1.141 1.067
1.142 1.068
1.143 1.068
1.144 1.068
1.145 1.069
1.146 1.069
1.147 1.070
1.148 1.070
1.149 1.071
1.150 1.071
1.151 1.072
1.152 1.072
1.153 1.072
1.154 1.073
1.155 1.073
1.156 1.074
1.157 1.074
1.158 1.075
1.159 1.075
1.160 1.076
1.161 1.076
1.162 1.076
1.163 1.077
1.164 1.077
1.165 1.078
1.166 1.078
1.167 1.079
1.168 1.079
1.169 1.080
1.170 1.080
1.171 1.080
1.172 1.081
1.173 1.081
1.174 1.082
1.175 1.082
1.176 1.083
1.177 1.083
1.178 1.084
1.179 1.084
1.180 1.084
1.181 1.085
1.182 1.085
1.183 1.086
1.184 1.086
1.185 1.087
1.186 1.087
1.187 1.088
1.188 1.088
1.189 1.088
1.190 1.089
1.191 1.089
1.192 1.090
1.193 1.090
1.194 1.091
1.195 1.091
1.196 1.091
1.197 1.092
1.198 1.092
1.199 1.093
1.200 1.093
1.201 1.094
1.202 1.094
1.203 1.095
1.204 1.095
1.205 1.095
1.206 1.096
1.207 1.096
1.208 1.097
1.209 1.097
1.210 1.098
1.211 1.098
1.212 1.098
1.213 1.099
1.214 1.099
1.215 1.100
1.216 1.100
1.217 1.101
1.218 1.101
1.219 1.101
1.220 1.102
1.221 1.102
1.222 1.103
1.223 1.103
1.224 1.104
1.225 1.104
1.226 1.104
1.227 1.105
1.228 1.105
1.229 1.106
1.230 1.106
1.231 1.107
1.232 1.107
1.233 1.107
1.234 1.108
1.235 1.108
1.236 1.109
1.237 1.109
1.238 1.110
1.239 1.110
1.240 1.110
1.241 1.111
1.242 1.111
1.243 1.112
1.244 1.112
1.245 1.113
1.246 1.113
1.247 1.113
1.248 1.114
1.249 1.114
1.250 1.115
1.251 1.115
1.252 1.116
1.253 1.116
1.254 1.116
1.255 1.117
1.256 1.117
1.257 1.118
1.258 1.118
1.259 1.118
1.260 1.119
1.261 1.119
1.262 1.120
1.263 1.120
1.264 1.121
1.265 1.121
1.266 1.121
1.267 1.122
1.268 1.122
1.269 1.123
1.270 1.123
1.271 1.123
1.272 1.124
1.273 1.124
1.274 1.125
1.275 1.125
1.276 1.126
1.277 1.126
1.278 1.126
1.279 1.127
1.280 1.127
1.281 1.128
1.282 1.128
1.283 1.128
1.284 1.129
1.285 1.129
1.286 1.130
1.287 1.130
1.288 1.131
1.289 1.131
1.290 1.131
1.291 1.132
1.292 1.132
1.293 1.133
1.294 1.133
1.295 1.133
1.296 1.134
1.297 1.134
1.298 1.135
1.299 1.135
1.300 1.135
1.301 1.136
1.302 1.136
1.303 1.137
1.304 1.137
1.305 1.137
1.306 1.138
1.307 1.138
1.308 1.139
1.309 1.139
1.310 1.140
1.311 1.140
1.312 1.140
1.313 1.141
1.314 1.141
1.315 1.142
1.316 1.142
1.317 1.142
1.318 1.143
1.319 1.143
1.320 1.144
1.321 1.144
1.322 1.144
1.323 1.145
1.324 1.145
1.325 1.146
1.326 1.146
1.327 1.146
1.328 1.147
1.329 1.147
1.330 1.148
1.331 1.148
1.332 1.148
1.333 1.149
1.334 1.149
1.335 1.150
1.336 1.150
1.337 1.150
1.338 1.151
1.339 1.151
1.340 1.152
1.341 1.152
1.342 1.152
1.343 1.153
1.344 1.153
1.345 1.154
1.346 1.154
1.347 1.154
1.348 1.155
1.349 1.155
1.350 1.156
1.351 1.156
1.352 1.156
1.353 1.157
1.354 1.157
1.355 1.158
1.356 1.158
1.357 1.158
1.358 1.159
1.359 1.159
1.360 1.160
1.361 1.160
1.362 1.160
1.363 1.161
1.364 1.161
1.365 1.162
1.366 1.162
1.367 1.162
1.368 1.163
1.369 1.163
1.370 1.163
1.371 1.164
1.372 1.164
1.373 1.165
1.374 1.165
1.375 1.165
1.376 1.166
1.377 1.166
1.378 1.167
1.379 1.167
1.380 1.167
1.381 1.168
1.382 1.168
1.383 1.169
1.384 1.169
1.385 1.169
1.386 1.170
1.387 1.170
1.388 1.171
1.389 1.171
1.390 1.171
1.391 1.172
1.392 1.172
1.393 1.172
1.394 1.173
1.395 1.173
1.396 1.174
1.397 1.174
1.398 1.174
1.399 1.175
1.400 1.175
1.401 1.176
1.402 1.176
1.403 1.176
1.404 1.177
1.405 1.177
1.406 1.177
1.407 1.178
1.408 1.178
1.409 1.179
1.410 1.179
1.411 1.179
1.412 1.180
1.413 1.180
1.414 1.181
1.415 1.181
1.416 1.181
1.417 1.182
1.418 1.182
1.419 1.182
1.420 1.183
1.421 1.183
1.422 1.184
1.423 1.184
1.424 1.184
1.425 1.185
1.426 1.185
1.427 1.186
1.428 1.186
1.429 1.186
1.430 1.187
1.431 1.187
1.432 1.187
1.433 1.188
1.434 1.188
1.435 1.189
1.436 1.189
1.437 1.189
1.438 1.190
1.439 1.190
1.440 1.190
1.441 1.191
1.442 1.191
1.443 1.192
1.444 1.192
1.445 1.192
1.446 1.193
1.447 1.193
1.448 1.193
1.449 1.194
1.450 1.194
1.451 1.195
1.452 1.195
1.453 1.195
1.454 1.196
1.455 1.196
1.456 1.196
1.457 1.197
1.458 1.197
1.459 1.198
1.460 1.198
1.461 1.198
1.462 1.199
1.463 1.199
1.464 1.199
1.465 1.200
1.466 1.200
1.467 1.201
1.468 1.201
1.469 1.201
1.470 1.202
1.471 1.202
1.472 1.202
1.473 1.203
1.474 1.203
1.475 1.204
1.476 1.204
1.477 1.204
1.478 1.205
1.479 1.205
1.480 1.205
1.481 1.206
1.482 1.206
1.483 1.206
1.484 1.207
1.485 1.207
1.486 1.208
1.487 1.208
1.488 1.208
1.489 1.209
1.490 1.209
1.491 1.209
1.492 1.210
1.493 1.210
1.494 1.211
1.495 1.211
1.496 1.211
1.497 1.212
1.498 1.212
1.499 1.212
1.500 1.213
1.501 1.213
1.502 1.213
1.503 1.214
1.504 1.214
1.505 1.215
1.506 1.215
1.507 1.215
1.508 1.216
1.509 1.216
1.510 1.216
1.511 1.217
1.512 1.217
1.513 1.217
1.514 1.218
1.515 1.218
1.516 1.219
1.517 1.219
1.518 1.219
1.519 1.220
1.520 1.220
1.521 1.220
1.522 1.221
1.523 1.221
1.524 1.221
1.525 1.222
1.526 1.222
1.527 1.223
1.528 1.223
1.529 1.223
1.530 1.224
1.531 1.224
1.532 1.224
1.533 1.225
1.534 1.225
1.535 1.225
1.536 1.226
1.537 1.226
1.538 1.226
1.539 1.227
1.540 1.227
1.541 1.228
1.542 1.228
1.543 1.228
1.544 1.229
1.545 1.229
1.546 1.229
1.547 1.230
1.548 1.230
1.549 1.230
1.550 1.231
1.551 1.231
1.552 1.231
1.553 1.232
1.554 1.232
1.555 1.233
1.556 1.233
1.557 1.233
1.558 1.234
1.559 1.234
1.560 1.234
1.561 1.235
1.562 1.235
1.563 1.235
1.564 1.236
1.565 1.236
1.566 1.236
1.567 1.237
1.568 1.237
1.569 1.237
1.570 1.238
1.571 1.238
1.572 1.239
1.573 1.239
1.574 1.239
1.575 1.240
1.576 1.240
1.577 1.240
1.578 1.241
1.579 1.241
1.580 1.241
1.581 1.242
1.582 1.242
1.583 1.242
1.584 1.243
1.585 1.243
1.586 1.243
1.587 1.244
1.588 1.244
1.589 1.245
1.590 1.245
1.591 1.245
1.592 1.246
1.593 1.246
1.594 1.246
1.595 1.247
1.596 1.247
1.597 1.247
1.598 1.248
1.599 1.248
1.600 1.248
1.601 1.249
1.602 1.249
1.603 1.249
1.604 1.250
1.605 1.250
1.606 1.250
1.607 1.251
1.608 1.251
1.609 1.251
1.610 1.252
1.611 1.252
1.612 1.252
1.613 1.253
1.614 1.253
1.615 1.254
1.616 1.254
1.617 1.254
1.618 1.255
1.619 1.255
1.620 1.255
1.621 1.256
1.622 1.256
1.623 1.256
1.624 1.257
1.625 1.257
1.626 1.257
1.627 1.258
1.628 1.258
1.629 1.258
1.630 1.259
1.631 1.259
1.632 1.259
1.633 1.260
1.634 1.260
1.635 1.260
1.636 1.261
1.637 1.261
1.638 1.261
1.639 1.262
1.640 1.262
1.641 1.262
1.642 1.263
1.643 1.263
1.644 1.263
1.645 1.264
1.646 1.264
1.647 1.264
1.648 1.265
1.649 1.265
1.650 1.265
1.651 1.266
1.652 1.266
1.653 1.266
1.654 1.267
1.655 1.267
1.656 1.268
1.657 1.268
1.658 1.268
1.659 1.269
1.660 1.269
1.661 1.269
1.662 1.270
1.663 1.270
1.664 1.270
1.665 1.271
1.666 1.271
1.667 1.271
1.668 1.272
1.669 1.272
1.670 1.272
1.671 1.273
1.672 1.273
1.673 1.273
1.674 1.274
1.675 1.274
1.676 1.274
1.677 1.275
1.678 1.275
1.679 1.275
1.680 1.276
1.681 1.276
1.682 1.276
1.683 1.277
1.684 1.277
1.685 1.277
1.686 1.278
1.687 1.278
1.688 1.278
1.689 1.279
1.690 1.279
1.691 1.279
1.692 1.280
1.693 1.280
1.694 1.280
1.695 1.281
1.696 1.281
1.697 1.281
1.698 1.282
1.699 1.282
1.700 1.282
1.701 1.283
1.702 1.283
1.703 1.283
1.704 1.284
1.705 1.284
1.706 1.284
1.707 1.285
1.708 1.285
1.709 1.285
1.710 1.286
1.711 1.286
1.712 1.286
1.713 1.286
1.714 1.287
1.715 1.287
1.716 1.287
1.717 1.288
1.718 1.288
1.719 1.288
1.720 1.289
1.721 1.289
1.722 1.289
1.723 1.290
1.724 1.290
1.725 1.290
1.726 1.291
1.727 1.291
1.728 1.291
1.729 1.292
1.730 1.292
1.731 1.292
1.732 1.293
1.733 1.293
1.734 1.293
1.735 1.294
1.736 1.294
1.737 1.294
1.738 1.295
1.739 1.295
1.740 1.295
1.741 1.296
1.742 1.296
1.743 1.296
1.744 1.297
1.745 1.297
1.746 1.297
1.747 1.298
1.748 1.298
1.749 1.298
1.750 1.299
1.751 1.299
1.752 1.299
1.753 1.300
1.754 1.300
1.755 1.300
1.756 1.300
1.757 1.301
1.758 1.301
1.759 1.301
1.760 1.302
1.761 1.302
1.762 1.302
1.763 1.303
1.764 1.303
1.765 1.303
1.766 1.304
1.767 1.304
1.768 1.304
1.769 1.305
1.770 1.305
1.771 1.305
1.772 1.306
1.773 1.306
1.774 1.306
1.775 1.307
1.776 1.307
1.777 1.307
1.778 1.308
1.779 1.308
1.780 1.308
1.781 1.308
1.782 1.309
1.783 1.309
1.784 1.309
1.785 1.310
1.786 1.310
1.787 1.310
1.788 1.311
1.789 1.311
1.790 1.311
1.791 1.312
1.792 1.312
1.793 1.312
1.794 1.313
1.795 1.313
1.796 1.313
1.797 1.314
1.798 1.314
1.799 1.314
1.800 1.315
1.801 1.315
1.802 1.315
1.803 1.315
1.804 1.316
1.805 1.316
1.806 1.316
1.807 1.317
1.808 1.317
1.809 1.317
1.810 1.318
1.811 1.318
1.812 1.318
1.813 1.319
1.814 1.319
1.815 1.319
1.816 1.320
1.817 1.320
1.818 1.320
1.819 1.320
1.820 1.321
1.821 1.321
1.822 1.321
1.823 1.322
1.824 1.322
1.825 1.322
1.826 1.323
1.827 1.323
1.828 1.323
1.829 1.324
1.830 1.324
1.831 1.324
1.832 1.325
1.833 1.325
1.834 1.325
1.835 1.325
1.836 1.326
1.837 1.326
1.838 1.326
1.839 1.327
1.840 1.327
1.841 1.327
1.842 1.328
1.843 1.328
1.844 1.328
1.845 1.329
1.846 1.329
1.847 1.329
1.848 1.329
1.849 1.330
1.850 1.330
1.851 1.330
1.852 1.331
1.853 1.331
1.854 1.331
1.855 1.332
1.856 1.332
1.857 1.332
1.858 1.333
1.859 1.333
1.860 1.333
1.861 1.334
1.862 1.334
1.863 1.334
1.864 1.334
1.865 1.335
1.866 1.335
1.867 1.335
1.868 1.336
1.869 1.336
1.870 1.336
1.871 1.337
1.872 1.337
1.873 1.337
1.874 1.337
1.875 1.338
1.876 1.338
1.877 1.338
1.878 1.339
1.879 1.339
1.880 1.339
1.881 1.340
1.882 1.340
1.883 1.340
1.884 1.341
1.885 1.341
1.886 1.341
1.887 1.341
1.888 1.342
1.889 1.342
1.890 1.342
1.891 1.343
1.892 1.343
1.893 1.343
1.894 1.344
1.895 1.344
1.896 1.344
1.897 1.344
1.898 1.345
1.899 1.345
1.900 1.345
1.901 1.346
1.902 1.346
1.903 1.346
1.904 1.347
1.905 1.347
1.906 1.347
1.907 1.347
1.908 1.348
1.909 1.348
1.910 1.348
1.911 1.349
1.912 1.349
1.913 1.349
1.914 1.350
1.915 1.350
1.916 1.350
1.917 1.350
1.918 1.351
1.919 1.351
1.920 1.351
1.921 1.352
1.922 1.352
1.923 1.352
1.924 1.353
1.925 1.353
1.926 1.353
1.927 1.353
1.928 1.354
1.929 1.354
1.930 1.354
1.931 1.355
1.932 1.355
1.933 1.355
1.934 1.356
1.935 1.356
1.936 1.356
1.937 1.356
1.938 1.357
1.939 1.357
1.940 1.357
1.941 1.358
1.942 1.358
1.943 1.358
1.944 1.359
1.945 1.359
1.946 1.359
1.947 1.359
1.948 1.360
1.949 1.360
1.950 1.360
1.951 1.361
1.952 1.361
1.953 1.361
1.954 1.362
1.955 1.362
1.956 1.362
1.957 1.362
1.958 1.363
1.959 1.363
1.960 1.363
1.961 1.364
1.962 1.364
1.963 1.364
1.964 1.364
1.965 1.365
1.966 1.365
1.967 1.365
1.968 1.366
1.969 1.366
1.970 1.366
1.971 1.367
1.972 1.367
1.973 1.367
1.974 1.367
1.975 1.368
1.976 1.368
1.977 1.368
1.978 1.369
1.979 1.369
1.980 1.369
1.981 1.369
1.982 1.370
1.983 1.370
1.984 1.370
1.985 1.371
1.986 1.371
1.987 1.371
1.988 1.371
1.989 1.372
1.990 1.372
1.991 1.372
1.992 1.373
1.993 1.373
1.994 1.373
1.995 1.373
1.996 1.374
1.997 1.374
1.998 1.374
1.999 1.375
2.000 1.375
2.001 1.375
2.002 1.376
2.003 1.376
2.004 1.376
2.005 1.376
2.006 1.377
2.007 1.377
2.008 1.377
2.009 1.378
2.010 1.378
2.011 1.378
2.012 1.378
2.013 1.379
2.014 1.379
2.015 1.379
2.016 1.380
2.017 1.380
2.018 1.380
2.019 1.380
2.020 1.381
2.021 1.381
2.022 1.381
2.023 1.382
2.024 1.382
2.025 1.382
2.026 1.382
2.027 1.383
2.028 1.383
2.029 1.383
2.030 1.384
2.031 1.384
2.032 1.384
2.033 1.384
2.034 1.385
2.035 1.385
2.036 1.385
2.037 1.386
2.038 1.386
2.039 1.386
2.040 1.386
2.041 1.387
2.042 1.387
2.043 1.387
2.044 1.388
2.045 1.388
2.046 1.388
2.047 1.388
2.048 1.389
2.049 1.389
2.050 1.389
2.051 1.390
2.052 1.390
2.053 1.390
2.054 1.390
2.055 1.391
2.056 1.391
2.057 1.391
2.058 1.392
2.059 1.392
2.060 1.392
2.061 1.392
2.062 1.393
2.063 1.393
2.064 1.393
2.065 1.394
2.066 1.394
2.067 1.394
2.068 1.394
2.069 1.395
2.070 1.395
2.071 1.395
2.072 1.395
2.073 1.396
2.074 1.396
2.075 1.396
2.076 1.397
2.077 1.397
2.078 1.397
2.079 1.397
2.080 1.398
2.081 1.398
2.082 1.398
2.083 1.399
2.084 1.399
2.085 1.399
2.086 1.399
2.087 1.400
2.088 1.400
2.089 1.400
2.090 1.401
2.091 1.401
2.092 1.401
2.093 1.401
2.094 1.402
2.095 1.402
2.096 1.402
2.097 1.402
2.098 1.403
2.099 1.403
2.100 1.403
2.101 1.404
2.102 1.404
2.103 1.404
2.104 1.404
2.105 1.405
2.106 1.405
2.107 1.405
2.108 1.406
2.109 1.406
2.110 1.406
2.111 1.406
2.112 1.407
2.113 1.407
2.114 1.407
2.115 1.407
2.116 1.408
2.117 1.408
2.118 1.408
2.119 1.409
2.120 1.409
2.121 1.409
2.122 1.409
2.123 1.410
2.124 1.410
2.125 1.410
2.126 1.411
2.127 1.411
2.128 1.411
2.129 1.411
2.130 1.412
2.131 1.412
2.132 1.412
2.133 1.412
2.134 1.413
2.135 1.413
2.136 1.413
2.137 1.414
2.138 1.414
2.139 1.414
2.140 1.414
2.141 1.415
2.142 1.415
2.143 1.415
2.144 1.415
2.145 1.416
2.146 1.416
2.147 1.416
2.148 1.417
2.149 1.417
2.150 1.417
2.151 1.417
2.152 1.418
2.153 1.418
2.154 1.418
2.155 1.418
2.156 1.419
2.157 1.419
2.158 1.419
2.159 1.420
2.160 1.420
2.161 1.420
2.162 1.420
2.163 1.421
2.164 1.421
2.165 1.421
2.166 1.421
2.167 1.422
2.168 1.422
2.169 1.422
2.170 1.423
2.171 1.423
2.172 1.423
2.173 1.423
2.174 1.424
2.175 1.424
2.176 1.424
2.177 1.424
2.178 1.425
2.179 1.425
2.180 1.425
2.181 1.426
2.182 1.426
2.183 1.426
2.184 1.426
2.185 1.427
2.186 1.427
2.187 1.427
2.188 1.427
2.189 1.428
2.190 1.428
2.191 1.428
2.192 1.428
2.193 1.429
2.194 1.429
2.195 1.429
2.196 1.430
2.197 1.430
2.198 1.430
2.199 1.430
2.200 1.431
2.201 1.431
2.202 1.431
2.203 1.431
2.204 1.432
2.205 1.432
2.206 1.432
2.207 1.432
2.208 1.433
2.209 1.433
2.210 1.433
2.211 1.434
2.212 1.434
2.213 1.434
2.214 1.434
2.215 1.435
2.216 1.435
2.217 1.435
2.218 1.435
2.219 1.436
2.220 1.436
2.221 1.436
2.222 1.436
2.223 1.437
2.224 1.437
2.225 1.437
2.226 1.438
2.227 1.438
2.228 1.438
2.229 1.438
2.230 1.439
2.231 1.439
2.232 1.439
2.233 1.439
2.234 1.440
2.235 1.440
2.236 1.440
2.237 1.440
2.238 1.441
2.239 1.441
2.240 1.441
2.241 1.441
2.242 1.442
2.243 1.442
2.244 1.442
2.245 1.443
2.246 1.443
2.247 1.443
2.248 1.443
2.249 1.444
2.250 1.444
2.251 1.444
2.252 1.444
2.253 1.445
2.254 1.445
2.255 1.445
2.256 1.445
2.257 1.446
2.258 1.446
2.259 1.446
2.260 1.446
2.261 1.447
2.262 1.447
2.263 1.447
2.264 1.448
2.265 1.448
2.266 1.448
2.267 1.448
2.268 1.449
2.269 1.449
2.270 1.449
2.271 1.449
2.272 1.450
2.273 1.450
2.274 1.450
2.275 1.450
2.276 1.451
2.277 1.451
2.278 1.451
2.279 1.451
2.280 1.452
2.281 1.452
2.282 1.452
2.283 1.452
2.284 1.453
2.285 1.453
2.286 1.453
2.287 1.454
2.288 1.454
2.289 1.454
2.290 1.454
2.291 1.455
2.292 1.455
2.293 1.455
2.294 1.455
2.295 1.456
2.296 1.456
2.297 1.456
2.298 1.456
2.299 1.457
2.300 1.457
2.301 1.457
2.302 1.457
2.303 1.458
2.304 1.458
2.305 1.458
2.306 1.458
2.307 1.459
2.308 1.459
2.309 1.459
2.310 1.459
2.311 1.460
2.312 1.460
2.313 1.460
2.314 1.460
2.315 1.461
2.316 1.461
2.317 1.461
2.318 1.461
2.319 1.462
2.320 1.462
2.321 1.462
2.322 1.463
2.323 1.463
2.324 1.463
2.325 1.463
2.326 1.464
2.327 1.464
2.328 1.464
2.329 1.464
2.330 1.465
2.331 1.465
2.332 1.465
2.333 1.465
2.334 1.466
2.335 1.466
2.336 1.466
2.337 1.466
2.338 1.467
2.339 1.467
2.340 1.467
2.341 1.467
2.342 1.468
2.343 1.468
2.344 1.468
2.345 1.468
2.346 1.469
2.347 1.469
2.348 1.469
2.349 1.469
2.350 1.470
2.351 1.470
2.352 1.470
2.353 1.470
2.354 1.471
2.355 1.471
2.356 1.471
2.357 1.471
2.358 1.472
2.359 1.472
2.360 1.472
2.361 1.472
2.362 1.473
2.363 1.473
2.364 1.473
2.365 1.473
2.366 1.474
2.367 1.474
2.368 1.474
2.369 1.474
2.370 1.475
2.371 1.475
2.372 1.475
2.373 1.475
2.374 1.476
2.375 1.476
2.376 1.476
2.377 1.476
2.378 1.477
2.379 1.477
2.380 1.477
2.381 1.477
2.382 1.478
2.383 1.478
2.384 1.478
2.385 1.478
2.386 1.479
2.387 1.479
2.388 1.479
2.389 1.479
2.390 1.480
2.391 1.480
2.392 1.480
2.393 1.480
2.394 1.481
2.395 1.481
2.396 1.481
2.397 1.481
2.398 1.482
2.399 1.482
2.400 1.482
2.401 1.482
2.402 1.483
2.403 1.483
2.404 1.483
2.405 1.483
2.406 1.484
2.407 1.484
2.408 1.484
2.409 1.484
2.410 1.485
2.411 1.485
2.412 1.485
2.413 1.485
2.414 1.486
2.415 1.486
2.416 1.486
2.417 1.486
2.418 1.487
2.419 1.487
2.420 1.487
2.421 1.487
2.422 1.488
2.423 1.488
2.424 1.488
2.425 1.488
2.426 1.489
2.427 1.489
2.428 1.489
2.429 1.489
2.430 1.490
2.431 1.490
2.432 1.490
2.433 1.490
2.434 1.491
2.435 1.491
2.436 1.491
2.437 1.491
2.438 1.492
2.439 1.492
2.440 1.492
2.441 1.492
2.442 1.493
2.443 1.493
2.444 1.493
2.445 1.493
2.446 1.494
2.447 1.494
2.448 1.494
2.449 1.494
2.450 1.495
2.451 1.495
2.452 1.495
2.453 1.495
2.454 1.496
2.455 1.496
2.456 1.496
2.457 1.496
2.458 1.496
2.459 1.497
2.460 1.497
2.461 1.497
2.462 1.497
2.463 1.498
2.464 1.498
2.465 1.498
2.466 1.498
2.467 1.499
2.468 1.499
2.469 1.499
2.470 1.499
2.471 1.500
2.472 1.500
2.473 1.500
2.474 1.500
2.475 1.501
2.476 1.501
2.477 1.501
2.478 1.501
2.479 1.502
2.480 1.502
2.481 1.502
2.482 1.502
2.483 1.503
2.484 1.503
2.485 1.503
2.486 1.503
2.487 1.504
2.488 1.504
2.489 1.504
2.490 1.504
2.491 1.504
2.492 1.505
2.493 1.505
2.494 1.505
2.495 1.505
2.496 1.506
2.497 1.506
2.498 1.506
2.499 1.506
2.500 1.507
2.501 1.507
2.502 1.507
2.503 1.507
2.504 1.508
2.505 1.508
2.506 1.508
2.507 1.508
2.508 1.509
2.509 1.509
2.510 1.509
2.511 1.509
2.512 1.510
2.513 1.510
2.514 1.510
2.515 1.510
2.516 1.511
2.517 1.511
2.518 1.511
2.519 1.511
2.520 1.511
2.521 1.512
2.522 1.512
2.523 1.512
2.524 1.512
2.525 1.513
2.526 1.513
2.527 1.513
2.528 1.513
2.529 1.514
2.530 1.514
2.531 1.514
2.532 1.514
2.533 1.515
2.534 1.515
2.535 1.515
2.536 1.515
2.537 1.516
2.538 1.516
2.539 1.516
2.540 1.516
2.541 1.516
2.542 1.517
2.543 1.517
2.544 1.517
2.545 1.517
2.546 1.518
2.547 1.518
2.548 1.518
2.549 1.518
2.550 1.519
2.551 1.519
2.552 1.519
2.553 1.519
2.554 1.520
2.555 1.520
2.556 1.520
2.557 1.520
2.558 1.520
2.559 1.521
2.560 1.521
2.561 1.521
2.562 1.521
2.563 1.522
2.564 1.522
2.565 1.522
2.566 1.522
2.567 1.523
2.568 1.523
2.569 1.523
2.570 1.523
2.571 1.524
2.572 1.524
2.573 1.524
2.574 1.524
2.575 1.524
2.576 1.525
2.577 1.525
2.578 1.525
2.579 1.525
2.580 1.526
2.581 1.526
2.582 1.526
2.583 1.526
2.584 1.527
2.585 1.527
2.586 1.527
2.587 1.527
2.588 1.528
2.589 1.528
2.590 1.528
2.591 1.528
2.592 1.528
2.593 1.529
2.594 1.529
2.595 1.529
2.596 1.529
2.597 1.530
2.598 1.530
2.599 1.530
2.600 1.530
2.601 1.531
2.602 1.531
2.603 1.531
2.604 1.531
2.605 1.531
2.606 1.532
2.607 1.532
2.608 1.532
2.609 1.532
2.610 1.533
2.611 1.533
2.612 1.533
2.613 1.533
2.614 1.534
2.615 1.534
2.616 1.534
2.617 1.534
2.618 1.534
2.619 1.535
2.620 1.535
2.621 1.535
2.622 1.535
2.623 1.536
2.624 1.536
2.625 1.536
2.626 1.536
2.627 1.537
2.628 1.537
2.629 1.537
2.630 1.537
2.631 1.537
2.632 1.538
2.633 1.538
2.634 1.538
2.635 1.538
2.636 1.539
2.637 1.539
2.638 1.539
2.639 1.539
2.640 1.540
2.641 1.540
2.642 1.540
2.643 1.540
2.644 1.540
2.645 1.541
2.646 1.541
2.647 1.541
2.648 1.541
2.649 1.542
2.650 1.542
2.651 1.542
2.652 1.542
2.653 1.543
2.654 1.543
2.655 1.543
2.656 1.543
2.657 1.543
2.658 1.544
2.659 1.544
2.660 1.544
2.661 1.544
2.662 1.545
2.663 1.545
2.664 1.545
2.665 1.545
2.666 1.546
2.667 1.546
2.668 1.546
2.669 1.546
2.670 1.546
2.671 1.547
2.672 1.547
2.673 1.547
2.674 1.547
2.675 1.548
2.676 1.548
2.677 1.548
2.678 1.548
2.679 1.548
2.680 1.549
2.681 1.549
2.682 1.549
2.683 1.549
2.684 1.550
2.685 1.550
2.686 1.550
2.687 1.550
2.688 1.551
2.689 1.551
2.690 1.551
2.691 1.551
2.692 1.551
2.693 1.552
2.694 1.552
2.695 1.552
2.696 1.552
2.697 1.553
2.698 1.553
2.699 1.553
2.700 1.553
2.701 1.553
2.702 1.554
2.703 1.554
2.704 1.554
2.705 1.554
2.706 1.555
2.707 1.555
2.708 1.555
2.709 1.555
2.710 1.555
2.711 1.556
2.712 1.556
2.713 1.556
2.714 1.556
2.715 1.557
2.716 1.557
2.717 1.557
2.718 1.557
2.719 1.557
2.720 1.558
2.721 1.558
2.722 1.558
2.723 1.558
2.724 1.559
2.725 1.559
2.726 1.559
2.727 1.559
2.728 1.560
2.729 1.560
2.730 1.560
2.731 1.560
2.732 1.560
2.733 1.561
2.734 1.561
2.735 1.561
2.736 1.561
2.737 1.562
2.738 1.562
2.739 1.562
2.740 1.562
2.741 1.562
2.742 1.563
2.743 1.563
2.744 1.563
2.745 1.563
2.746 1.564
2.747 1.564
2.748 1.564
2.749 1.564
2.750 1.564
2.751 1.565
2.752 1.565
2.753 1.565
2.754 1.565
2.755 1.566
2.756 1.566
2.757 1.566
2.758 1.566
2.759 1.566
2.760 1.567
2.761 1.567
2.762 1.567
2.763 1.567
2.764 1.568
2.765 1.568
2.766 1.568
2.767 1.568
2.768 1.568
2.769 1.569
2.770 1.569
2.771 1.569
2.772 1.569
2.773 1.569
2.774 1.570
2.775 1.570
2.776 1.570
2.777 1.570
2.778 1.571
2.779 1.571
2.780 1.571
2.781 1.571
2.782 1.571
2.783 1.572
2.784 1.572
2.785 1.572
2.786 1.572
2.787 1.573
2.788 1.573
2.789 1.573
2.790 1.573
2.791 1.573
2.792 1.574
2.793 1.574
2.794 1.574
2.795 1.574
2.796 1.575
2.797 1.575
2.798 1.575
2.799 1.575
2.800 1.575
2.801 1.576
2.802 1.576
2.803 1.576
2.804 1.576
2.805 1.577
2.806 1.577
2.807 1.577
2.808 1.577
2.809 1.577
2.810 1.578
2.811 1.578
2.812 1.578
2.813 1.578
2.814 1.578
2.815 1.579
2.816 1.579
2.817 1.579
2.818 1.579
2.819 1.580
2.820 1.580
2.821 1.580
2.822 1.580
2.823 1.580
2.824 1.581
2.825 1.581
2.826 1.581
2.827 1.581
2.828 1.582
2.829 1.582
2.830 1.582
2.831 1.582
2.832 1.582
2.833 1.583
2.834 1.583
2.835 1.583
2.836 1.583
2.837 1.583
2.838 1.584
2.839 1.584
2.840 1.584
2.841 1.584
2.842 1.585
2.843 1.585
2.844 1.585
2.845 1.585
2.846 1.585
2.847 1.586
2.848 1.586
2.849 1.586
2.850 1.586
2.851 1.586
2.852 1.587
2.853 1.587
2.854 1.587
2.855 1.587
2.856 1.588
2.857 1.588
2.858 1.588
2.859 1.588
2.860 1.588
2.861 1.589
2.862 1.589
2.863 1.589
2.864 1.589
2.865 1.589
2.866 1.590
2.867 1.590
2.868 1.590
2.869 1.590
2.870 1.591
2.871 1.591
2.872 1.591
2.873 1.591
2.874 1.591
2.875 1.592
2.876 1.592
2.877 1.592
2.878 1.592
2.879 1.592
2.880 1.593
2.881 1.593
2.882 1.593
2.883 1.593
2.884 1.594
2.885 1.594
2.886 1.594
2.887 1.594
2.888 1.594
2.889 1.595
2.890 1.595
2.891 1.595
2.892 1.595
2.893 1.595
2.894 1.596
2.895 1.596
2.896 1.596
2.897 1.596
2.898 1.597
2.899 1.597
2.900 1.597
2.901 1.597
2.902 1.597
2.903 1.598
2.904 1.598
2.905 1.598
2.906 1.598
2.907 1.598
2.908 1.599
2.909 1.599
2.910 1.599
2.911 1.599
2.912 1.599
2.913 1.600
2.914 1.600
2.915 1.600
2.916 1.600
2.917 1.601
2.918 1.601
2.919 1.601
2.920 1.601
2.921 1.601
2.922 1.602
2.923 1.602
2.924 1.602
2.925 1.602
2.926 1.602
2.927 1.603
2.928 1.603
2.929 1.603
2.930 1.603
2.931 1.603
2.932 1.604
2.933 1.604
2.934 1.604
2.935 1.604
2.936 1.605
2.937 1.605
2.938 1.605
2.939 1.605
2.940 1.605
2.941 1.606
2.942 1.606
2.943 1.606
2.944 1.606
2.945 1.606
2.946 1.607
2.947 1.607
2.948 1.607
2.949 1.607
2.950 1.607
2.951 1.608
2.952 1.608
2.953 1.608
2.954 1.608
2.955 1.609
2.956 1.609
2.957 1.609
2.958 1.609
2.959 1.609
2.960 1.610
2.961 1.610
2.962 1.610
2.963 1.610
2.964 1.610
2.965 1.611
2.966 1.611
2.967 1.611
2.968 1.611
2.969 1.611
2.970 1.612
2.971 1.612
2.972 1.612
2.973 1.612
2.974 1.612
2.975 1.613
2.976 1.613
2.977 1.613
2.978 1.613
2.979 1.614
2.980 1.614
2.981 1.614
2.982 1.614
2.983 1.614
2.984 1.615
2.985 1.615
2.986 1.615
2.987 1.615
2.988 1.615
2.989 1.616
2.990 1.616
2.991 1.616
2.992 1.616
2.993 1.616
2.994 1.617
2.995 1.617
2.996 1.617
2.997 1.617
2.998 1.617
2.999 1.618
3.000 1.618
3.001 1.618
3.002 1.618
3.003 1.618
3.004 1.619
3.005 1.619
3.006 1.619
3.007 1.619
3.008 1.619
3.009 1.620
3.010 1.620
3.011 1.620
3.012 1.620
3.013 1.621
3.014 1.621
3.015 1.621
3.016 1.621
3.017 1.621
3.018 1.622
3.019 1.622
3.020 1.622
3.021 1.622
3.022 1.622
3.023 1.623
3.024 1.623
3.025 1.623
3.026 1.623
3.027 1.623
3.028 1.624
3.029 1.624
3.030 1.624
3.031 1.624
3.032 1.624
3.033 1.625
3.034 1.625
3.035 1.625
3.036 1.625
3.037 1.625
3.038 1.626
3.039 1.626
3.040 1.626
3.041 1.626
3.042 1.626
3.043 1.627
3.044 1.627
3.045 1.627
3.046 1.627
3.047 1.627
3.048 1.628
3.049 1.628
3.050 1.628
3.051 1.628
3.052 1.628
3.053 1.629
3.054 1.629
3.055 1.629
3.056 1.629
3.057 1.629
3.058 1.630
3.059 1.630
3.060 1.630
3.061 1.630
3.062 1.631
3.063 1.631
3.064 1.631
3.065 1.631
3.066 1.631
3.067 1.632
3.068 1.632
3.069 1.632
3.070 1.632
3.071 1.632
3.072 1.633
3.073 1.633
3.074 1.633
3.075 1.633
3.076 1.633
3.077 1.634
3.078 1.634
3.079 1.634
3.080 1.634
3.081 1.634
3.082 1.635
3.083 1.635
3.084 1.635
3.085 1.635
3.086 1.635
3.087 1.636
3.088 1.636
3.089 1.636
3.090 1.636
3.091 1.636
3.092 1.637
3.093 1.637
3.094 1.637
3.095 1.637
3.096 1.637
3.097 1.638
3.098 1.638
3.099 1.638
3.100 1.638
3.101 1.638
3.102 1.639
3.103 1.639
3.104 1.639
3.105 1.639
3.106 1.639
3.107 1.640
3.108 1.640
3.109 1.640
3.110 1.640
3.111 1.640
3.112 1.641
3.113 1.641
3.114 1.641
3.115 1.641
3.116 1.641
3.117 1.642
3.118 1.642
3.119 1.642
3.120 1.642
3.121 1.642
3.122 1.643
3.123 1.643
3.124 1.643
3.125 1.643
3.126 1.643
3.127 1.644
3.128 1.644
3.129 1.644
3.130 1.644
3.131 1.644
3.132 1.645
3.133 1.645
3.134 1.645
3.135 1.645
3.136 1.645
3.137 1.646
3.138 1.646
3.139 1.646
3.140 1.646
3.141 1.646
3.142 1.647
3.143 1.647
3.144 1.647
3.145 1.647
3.146 1.647
3.147 1.648
3.148 1.648
3.149 1.648
3.150 1.648
3.151 1.648
3.152 1.649
3.153 1.649
3.154 1.649
3.155 1.649
3.156 1.649
3.157 1.649
3.158 1.650
3.159 1.650
3.160 1.650
3.161 1.650
3.162 1.650
3.163 1.651
3.164 1.651
3.165 1.651
3.166 1.651
3.167 1.651
3.168 1.652
3.169 1.652
3.170 1.652
3.171 1.652
3.172 1.652
3.173 1.653
3.174 1.653
3.175 1.653
3.176 1.653
3.177 1.653
3.178 1.654
3.179 1.654
3.180 1.654
3.181 1.654
3.182 1.654
3.183 1.655
3.184 1.655
3.185 1.655
3.186 1.655
3.187 1.655
3.188 1.656
3.189 1.656
3.190 1.656
3.191 1.656
3.192 1.656
3.193 1.657
3.194 1.657
3.195 1.657
3.196 1.657
3.197 1.657
3.198 1.658
3.199 1.658
3.200 1.658
3.201 1.658
3.202 1.658
3.203 1.659
3.204 1.659
3.205 1.659
3.206 1.659
3.207 1.659
3.208 1.659
3.209 1.660
3.210 1.660
3.211 1.660
3.212 1.660
3.213 1.660
3.214 1.661
3.215 1.661
3.216 1.661
3.217 1.661
3.218 1.661
3.219 1.662
3.220 1.662
3.221 1.662
3.222 1.662
3.223 1.662
3.224 1.663
3.225 1.663
3.226 1.663
3.227 1.663
3.228 1.663
3.229 1.664
3.230 1.664
3.231 1.664
3.232 1.664
3.233 1.664
3.234 1.665
3.235 1.665
3.236 1.665
3.237 1.665
3.238 1.665
3.239 1.665
3.240 1.666
3.241 1.666
3.242 1.666
3.243 1.666
3.244 1.666
3.245 1.667
3.246 1.667
3.247 1.667
3.248 1.667
3.249 1.667
3.250 1.668
3.251 1.668
3.252 1.668
3.253 1.668
3.254 1.668
3.255 1.669
3.256 1.669
3.257 1.669
3.258 1.669
3.259 1.669
3.260 1.670
3.261 1.670
3.262 1.670
3.263 1.670
3.264 1.670
3.265 1.670
3.266 1.671
3.267 1.671
3.268 1.671
3.269 1.671
3.270 1.671
3.271 1.672
3.272 1.672
3.273 1.672
3.274 1.672
3.275 1.672
3.276 1.673
3.277 1.673
3.278 1.673
3.279 1.673
3.280 1.673
3.281 1.674
3.282 1.674
3.283 1.674
3.284 1.674
3.285 1.674
3.286 1.675
3.287 1.675
3.288 1.675
3.289 1.675
3.290 1.675
3.291 1.675
3.292 1.676
3.293 1.676
3.294 1.676
3.295 1.676
3.296 1.676
3.297 1.677
3.298 1.677
3.299 1.677
3.300 1.677
3.301 1.677
3.302 1.678
3.303 1.678
3.304 1.678
3.305 1.678
3.306 1.678
3.307 1.678
3.308 1.679
3.309 1.679
3.310 1.679
3.311 1.679
3.312 1.679
3.313 1.680
3.314 1.680
3.315 1.680
3.316 1.680
3.317 1.680
3.318 1.681
3.319 1.681
3.320 1.681
3.321 1.681
3.322 1.681
3.323 1.682
3.324 1.682
3.325 1.682
3.326 1.682
3.327 1.682
3.328 1.682
3.329 1.683
3.330 1.683
3.331 1.683
3.332 1.683
3.333 1.683
3.334 1.684
3.335 1.684
3.336 1.684
3.337 1.684
3.338 1.684
3.339 1.685
3.340 1.685
3.341 1.685
3.342 1.685
3.343 1.685
3.344 1.685
3.345 1.686
3.346 1.686
3.347 1.686
3.348 1.686
3.349 1.686
3.350 1.687
3.351 1.687
3.352 1.687
3.353 1.687
3.354 1.687
3.355 1.688
3.356 1.688
3.357 1.688
3.358 1.688
3.359 1.688
3.360 1.688
3.361 1.689
3.362 1.689
3.363 1.689
3.364 1.689
3.365 1.689
3.366 1.690
3.367 1.690
3.368 1.690
3.369 1.690
3.370 1.690
3.371 1.691
3.372 1.691
3.373 1.691
3.374 1.691
3.375 1.691
3.376 1.691
3.377 1.692
3.378 1.692
3.379 1.692
3.380 1.692
3.381 1.692
3.382 1.693
3.383 1.693
3.384 1.693
3.385 1.693
3.386 1.693
3.387 1.694
3.388 1.694
3.389 1.694
3.390 1.694
3.391 1.694
3.392 1.694
3.393 1.695
3.394 1.695
3.395 1.695
3.396 1.695
3.397 1.695
3.398 1.696
3.399 1.696
3.400 1.696
3.401 1.696
3.402 1.696
3.403 1.696
3.404 1.697
3.405 1.697
3.406 1.697
3.407 1.697
3.408 1.697
3.409 1.698
3.410 1.698
3.411 1.698
3.412 1.698
3.413 1.698
3.414 1.699
3.415 1.699
3.416 1.699
3.417 1.699
3.418 1.699
3.419 1.699
3.420 1.700
3.421 1.700
3.422 1.700
3.423 1.700
3.424 1.700
3.425 1.701
3.426 1.701
3.427 1.701
3.428 1.701
3.429 1.701
3.430 1.701
3.431 1.702
3.432 1.702
3.433 1.702
3.434 1.702
3.435 1.702
3.436 1.703
3.437 1.703
3.438 1.703
3.439 1.703
3.440 1.703
3.441 1.703
3.442 1.704
3.443 1.704
3.444 1.704
3.445 1.704
3.446 1.704
3.447 1.705
3.448 1.705
3.449 1.705
3.450 1.705
3.451 1.705
3.452 1.705
3.453 1.706
3.454 1.706
3.455 1.706
3.456 1.706
3.457 1.706
3.458 1.707
3.459 1.707
3.460 1.707
3.461 1.707
3.462 1.707
3.463 1.707
3.464 1.708
3.465 1.708
3.466 1.708
3.467 1.708
3.468 1.708
3.469 1.709
3.470 1.709
3.471 1.709
3.472 1.709
3.473 1.709
3.474 1.709
3.475 1.710
3.476 1.710
3.477 1.710
3.478 1.710
3.479 1.710
3.480 1.711
3.481 1.711
3.482 1.711
3.483 1.711
3.484 1.711
3.485 1.711
3.486 1.712
3.487 1.712
3.488 1.712
3.489 1.712
3.490 1.712
3.491 1.713
3.492 1.713
3.493 1.713
3.494 1.713
3.495 1.713
3.496 1.713
3.497 1.714
3.498 1.714
3.499 1.714
3.500 1.714
3.501 1.714
3.502 1.715
3.503 1.715
3.504 1.715
3.505 1.715
3.506 1.715
3.507 1.715
3.508 1.716
3.509 1.716
3.510 1.716
3.511 1.716
3.512 1.716
3.513 1.717
3.514 1.717
3.515 1.717
3.516 1.717
3.517 1.717
3.518 1.717
3.519 1.718
3.520 1.718
3.521 1.718
3.522 1.718
3.523 1.718
3.524 1.719
3.525 1.719
3.526 1.719
3.527 1.719
3.528 1.719
3.529 1.719
3.530 1.720
3.531 1.720
3.532 1.720
3.533 1.720
3.534 1.720
3.535 1.720
3.536 1.721
3.537 1.721
3.538 1.721
3.539 1.721
3.540 1.721
3.541 1.722
3.542 1.722
3.543 1.722
3.544 1.722
3.545 1.722
3.546 1.722
3.547 1.723
3.548 1.723
3.549 1.723
3.550 1.723
3.551 1.723
3.552 1.724
3.553 1.724
3.554 1.724
3.555 1.724
3.556 1.724
3.557 1.724
3.558 1.725
3.559 1.725
3.560 1.725
3.561 1.725
3.562 1.725
3.563 1.725
3.564 1.726
3.565 1.726
3.566 1.726
3.567 1.726
3.568 1.726
3.569 1.727
3.570 1.727
3.571 1.727
3.572 1.727
3.573 1.727
3.574 1.727
3.575 1.728
3.576 1.728
3.577 1.728
3.578 1.728
3.579 1.728
3.580 1.728
3.581 1.729
3.582 1.729
3.583 1.729
3.584 1.729
3.585 1.729
3.586 1.730
3.587 1.730
3.588 1.730
3.589 1.730
3.590 1.730
3.591 1.730
3.592 1.731
3.593 1.731
3.594 1.731
3.595 1.731
3.596 1.731
3.597 1.731
3.598 1.732
3.599 1.732
3.600 1.732
3.601 1.732
3.602 1.732
3.603 1.733
3.604 1.733
3.605 1.733
3.606 1.733
3.607 1.733
3.608 1.733
3.609 1.734
3.610 1.734
3.611 1.734
3.612 1.734
3.613 1.734
3.614 1.734
3.615 1.735
3.616 1.735
3.617 1.735
3.618 1.735
3.619 1.735
3.620 1.736
3.621 1.736
3.622 1.736
3.623 1.736
3.624 1.736
3.625 1.736
3.626 1.737
3.627 1.737
3.628 1.737
3.629 1.737
3.630 1.737
3.631 1.737
3.632 1.738
3.633 1.738
3.634 1.738
3.635 1.738
3.636 1.738
3.637 1.739
3.638 1.739
3.639 1.739
3.640 1.739
3.641 1.739
3.642 1.739
3.643 1.740
3.644 1.740
3.645 1.740
3.646 1.740
3.647 1.740
3.648 1.740
3.649 1.741
3.650 1.741
3.651 1.741
3.652 1.741
3.653 1.741
3.654 1.741
3.655 1.742
3.656 1.742
3.657 1.742
3.658 1.742
3.659 1.742
3.660 1.743
3.661 1.743
3.662 1.743
3.663 1.743
3.664 1.743
3.665 1.743
3.666 1.744
3.667 1.744
3.668 1.744
3.669 1.744
3.670 1.744
3.671 1.744
3.672 1.745
3.673 1.745
3.674 1.745
3.675 1.745
3.676 1.745
3.677 1.745
3.678 1.746
3.679 1.746
3.680 1.746
3.681 1.746
3.682 1.746
3.683 1.746
3.684 1.747
3.685 1.747
3.686 1.747
3.687 1.747
3.688 1.747
3.689 1.748
3.690 1.748
3.691 1.748
3.692 1.748
3.693 1.748
3.694 1.748
3.695 1.749
3.696 1.749
3.697 1.749
3.698 1.749
3.699 1.749
3.700 1.749
3.701 1.750
3.702 1.750
3.703 1.750
3.704 1.750
3.705 1.750
3.706 1.750
3.707 1.751
3.708 1.751
3.709 1.751
3.710 1.751
3.711 1.751
3.712 1.751
3.713 1.752
3.714 1.752
3.715 1.752
3.716 1.752
3.717 1.752
3.718 1.753
3.719 1.753
3.720 1.753
3.721 1.753
3.722 1.753
3.723 1.753
3.724 1.754
3.725 1.754
3.726 1.754
3.727 1.754
3.728 1.754
3.729 1.754
3.730 1.755
3.731 1.755
3.732 1.755
3.733 1.755
3.734 1.755
3.735 1.755
3.736 1.756
3.737 1.756
3.738 1.756
3.739 1.756
3.740 1.756
3.741 1.756
3.742 1.757
3.743 1.757
3.744 1.757
3.745 1.757
3.746 1.757
3.747 1.757
3.748 1.758
3.749 1.758
3.750 1.758
3.751 1.758
3.752 1.758
3.753 1.758
3.754 1.759
3.755 1.759
3.756 1.759
3.757 1.759
3.758 1.759
3.759 1.760
3.760 1.760
3.761 1.760
3.762 1.760
3.763 1.760
3.764 1.760
3.765 1.761
3.766 1.761
3.767 1.761
3.768 1.761
3.769 1.761
3.770 1.761
3.771 1.762
3.772 1.762
3.773 1.762
3.774 1.762
3.775 1.762
3.776 1.762
3.777 1.763
3.778 1.763
3.779 1.763
3.780 1.763
3.781 1.763
3.782 1.763
3.783 1.764
3.784 1.764
3.785 1.764
3.786 1.764
3.787 1.764
3.788 1.764
3.789 1.765
3.790 1.765
3.791 1.765
3.792 1.765
3.793 1.765
3.794 1.765
3.795 1.766
3.796 1.766
3.797 1.766
3.798 1.766
3.799 1.766
3.800 1.766
3.801 1.767
3.802 1.767
3.803 1.767
3.804 1.767
3.805 1.767
3.806 1.767
3.807 1.768
3.808 1.768
3.809 1.768
3.810 1.768
3.811 1.768
3.812 1.768
3.813 1.769
3.814 1.769
3.815 1.769
3.816 1.769
3.817 1.769
3.818 1.769
3.819 1.770
3.820 1.770
3.821 1.770
3.822 1.770
3.823 1.770
3.824 1.770
3.825 1.771
3.826 1.771
3.827 1.771
3.828 1.771
3.829 1.771
3.830 1.771
3.831 1.772
3.832 1.772
3.833 1.772
3.834 1.772
3.835 1.772
3.836 1.772
3.837 1.773
3.838 1.773
3.839 1.773
3.840 1.773
3.841 1.773
3.842 1.773
3.843 1.774
3.844 1.774
3.845 1.774
3.846 1.774
3.847 1.774
3.848 1.774
3.849 1.775
3.850 1.775
3.851 1.775
3.852 1.775
3.853 1.775
3.854 1.775
3.855 1.776
3.856 1.776
3.857 1.776
3.858 1.776
3.859 1.776
3.860 1.776
3.861 1.777
3.862 1.777
3.863 1.777
3.864 1.777
3.865 1.777
3.866 1.777
3.867 1.778
3.868 1.778
3.869 1.778
3.870 1.778
3.871 1.778
3.872 1.778
3.873 1.779
3.874 1.779
3.875 1.779
3.876 1.779
3.877 1.779
3.878 1.779
3.879 1.780
3.880 1.780
3.881 1.780
3.882 1.780
3.883 1.780
3.884 1.780
3.885 1.781
3.886 1.781
3.887 1.781
3.888 1.781
3.889 1.781
3.890 1.781
3.891 1.782
3.892 1.782
3.893 1.782
3.894 1.782
3.895 1.782
3.896 1.782
3.897 1.783
3.898 1.783
3.899 1.783
3.900 1.783
3.901 1.783
3.902 1.783
3.903 1.784
3.904 1.784
3.905 1.784
3.906 1.784
3.907 1.784
3.908 1.784
3.909 1.785
3.910 1.785
3.911 1.785
3.912 1.785
3.913 1.785
3.914 1.785
3.915 1.786
3.916 1.786
3.917 1.786
3.918 1.786
3.919 1.786
3.920 1.786
3.921 1.786
3.922 1.787
3.923 1.787
3.924 1.787
3.925 1.787
3.926 1.787
3.927 1.787
3.928 1.788
3.929 1.788
3.930 1.788
3.931 1.788
3.932 1.788
3.933 1.788
3.934 1.789
3.935 1.789
3.936 1.789
3.937 1.789
3.938 1.789
3.939 1.789
3.940 1.790
3.941 1.790
3.942 1.790
3.943 1.790
3.944 1.790
3.945 1.790
3.946 1.791
3.947 1.791
3.948 1.791
3.949 1.791
3.950 1.791
3.951 1.791
3.952 1.792
3.953 1.792
3.954 1.792
3.955 1.792
3.956 1.792
3.957 1.792
3.958 1.793
3.959 1.793
3.960 1.793
3.961 1.793
3.962 1.793
3.963 1.793
3.964 1.793
3.965 1.794
3.966 1.794
3.967 1.794
3.968 1.794
3.969 1.794
3.970 1.794
3.971 1.795
3.972 1.795
3.973 1.795
3.974 1.795
3.975 1.795
3.976 1.795
3.977 1.796
3.978 1.796
3.979 1.796
3.980 1.796
3.981 1.796
3.982 1.796
3.983 1.797
3.984 1.797
3.985 1.797
3.986 1.797
3.987 1.797
3.988 1.797
3.989 1.798
3.990 1.798
3.991 1.798
3.992 1.798
3.993 1.798
3.994 1.798
3.995 1.798
3.996 1.799
3.997 1.799
3.998 1.799
3.999 1.799
4.000 1.799
4.001 1.799
4.002 1.800
4.003 1.800
4.004 1.800
4.005 1.800
4.006 1.800
4.007 1.800
4.008 1.801
4.009 1.801
4.010 1.801
4.011 1.801
4.012 1.801
4.013 1.801
4.014 1.802
4.015 1.802
4.016 1.802
4.017 1.802
4.018 1.802
4.019 1.802
4.020 1.803
4.021 1.803
4.022 1.803
4.023 1.803
4.024 1.803
4.025 1.803
4.026 1.803
4.027 1.804
4.028 1.804
4.029 1.804
4.030 1.804
4.031 1.804
4.032 1.804
4.033 1.805
4.034 1.805
4.035 1.805
4.036 1.805
4.037 1.805
4.038 1.805
4.039 1.806
4.040 1.806
4.041 1.806
4.042 1.806
4.043 1.806
4.044 1.806
4.045 1.807
4.046 1.807
4.047 1.807
4.048 1.807
4.049 1.807
4.050 1.807
4.051 1.807
4.052 1.808
4.053 1.808
4.054 1.808
4.055 1.808
4.056 1.808
4.057 1.808
4.058 1.809
4.059 1.809
4.060 1.809
4.061 1.809
4.062 1.809
4.063 1.809
4.064 1.810
4.065 1.810
4.066 1.810
4.067 1.810
4.068 1.810
4.069 1.810
4.070 1.810
4.071 1.811
4.072 1.811
4.073 1.811
4.074 1.811
4.075 1.811
4.076 1.811
4.077 1.812
4.078 1.812
4.079 1.812
4.080 1.812
4.081 1.812
4.082 1.812
4.083 1.813
4.084 1.813
4.085 1.813
4.086 1.813
4.087 1.813
4.088 1.813
4.089 1.813
4.090 1.814
4.091 1.814
4.092 1.814
4.093 1.814
4.094 1.814
4.095 1.814
4.096 1.815
4.097 1.815
4.098 1.815
4.099 1.815
4.100 1.815
4.101 1.815
4.102 1.816
4.103 1.816
4.104 1.816
4.105 1.816
4.106 1.816
4.107 1.816
4.108 1.816
4.109 1.817
4.110 1.817
4.111 1.817
4.112 1.817
4.113 1.817
4.114 1.817
4.115 1.818
4.116 1.818
4.117 1.818
4.118 1.818
4.119 1.818
4.120 1.818
4.121 1.818
4.122 1.819
4.123 1.819
4.124 1.819
4.125 1.819
4.126 1.819
4.127 1.819
4.128 1.820
4.129 1.820
4.130 1.820
4.131 1.820
4.132 1.820
4.133 1.820
4.134 1.821
4.135 1.821
4.136 1.821
4.137 1.821
4.138 1.821
4.139 1.821
4.140 1.821
4.141 1.822
4.142 1.822
4.143 1.822
4.144 1.822
4.145 1.822
4.146 1.822
4.147 1.823
4.148 1.823
4.149 1.823
4.150 1.823
4.151 1.823
4.152 1.823
4.153 1.823
4.154 1.824
4.155 1.824
4.156 1.824
4.157 1.824
4.158 1.824
4.159 1.824
4.160 1.825
4.161 1.825
4.162 1.825
4.163 1.825
4.164 1.825
4.165 1.825
4.166 1.826
4.167 1.826
4.168 1.826
4.169 1.826
4.170 1.826
4.171 1.826
4.172 1.826
4.173 1.827
4.174 1.827
4.175 1.827
4.176 1.827
4.177 1.827
4.178 1.827
4.179 1.828
4.180 1.828
4.181 1.828
4.182 1.828
4.183 1.828
4.184 1.828
4.185 1.828
4.186 1.829
4.187 1.829
4.188 1.829
4.189 1.829
4.190 1.829
4.191 1.829
4.192 1.830
4.193 1.830
4.194 1.830
4.195 1.830
4.196 1.830
4.197 1.830
4.198 1.830
4.199 1.831
4.200 1.831
4.201 1.831
4.202 1.831
4.203 1.831
4.204 1.831
4.205 1.832
4.206 1.832
4.207 1.832
4.208 1.832
4.209 1.832
4.210 1.832
4.211 1.832
4.212 1.833
4.213 1.833
4.214 1.833
4.215 1.833
4.216 1.833
4.217 1.833
4.218 1.834
4.219 1.834
4.220 1.834
4.221 1.834
4.222 1.834
4.223 1.834
4.224 1.834
4.225 1.835
4.226 1.835
4.227 1.835
4.228 1.835
4.229 1.835
4.230 1.835
4.231 1.836
4.232 1.836
4.233 1.836
4.234 1.836
4.235 1.836
4.236 1.836
4.237 1.836
4.238 1.837
4.239 1.837
4.240 1.837
4.241 1.837
4.242 1.837
4.243 1.837
4.244 1.838
4.245 1.838
4.246 1.838
4.247 1.838
4.248 1.838
4.249 1.838
4.250 1.838
4.251 1.839
4.252 1.839
4.253 1.839
4.254 1.839
4.255 1.839
4.256 1.839
4.257 1.839
4.258 1.840
4.259 1.840
4.260 1.840
4.261 1.840
4.262 1.840
4.263 1.840
4.264 1.841
4.265 1.841
4.266 1.841
4.267 1.841
4.268 1.841
4.269 1.841
4.270 1.841
4.271 1.842
4.272 1.842
4.273 1.842
4.274 1.842
4.275 1.842
4.276 1.842
4.277 1.843
4.278 1.843
4.279 1.843
4.280 1.843
4.281 1.843
4.282 1.843
4.283 1.843
4.284 1.844
4.285 1.844
4.286 1.844
4.287 1.844
4.288 1.844
4.289 1.844
4.290 1.845
4.291 1.845
4.292 1.845
4.293 1.845
4.294 1.845
4.295 1.845
4.296 1.845
4.297 1.846
4.298 1.846
4.299 1.846
4.300 1.846
4.301 1.846
4.302 1.846
4.303 1.846
4.304 1.847
4.305 1.847
4.306 1.847
4.307 1.847
4.308 1.847
4.309 1.847
4.310 1.848
4.311 1.848
4.312 1.848
4.313 1.848
4.314 1.848
4.315 1.848
4.316 1.848
4.317 1.849
4.318 1.849
4.319 1.849
4.320 1.849
4.321 1.849
4.322 1.849
4.323 1.849
4.324 1.850
4.325 1.850
4.326 1.850
4.327 1.850
4.328 1.850
4.329 1.850
4.330 1.851
4.331 1.851
4.332 1.851
4.333 1.851
4.334 1.851
4.335 1.851
4.336 1.851
4.337 1.852
4.338 1.852
4.339 1.852
4.340 1.852
4.341 1.852
4.342 1.852
4.343 1.852
4.344 1.853
4.345 1.853
4.346 1.853
4.347 1.853
4.348 1.853
4.349 1.853
4.350 1.854
4.351 1.854
4.352 1.854
4.353 1.854
4.354 1.854
4.355 1.854
4.356 1.854
4.357 1.855
4.358 1.855
4.359 1.855
4.360 1.855
4.361 1.855
4.362 1.855
4.363 1.855
4.364 1.856
4.365 1.856
4.366 1.856
4.367 1.856
4.368 1.856
4.369 1.856
4.370 1.857
4.371 1.857
4.372 1.857
4.373 1.857
4.374 1.857
4.375 1.857
4.376 1.857
4.377 1.858
4.378 1.858
4.379 1.858
4.380 1.858
4.381 1.858
4.382 1.858
4.383 1.858
4.384 1.859
4.385 1.859
4.386 1.859
4.387 1.859
4.388 1.859
4.389 1.859
4.390 1.859
4.391 1.860
4.392 1.860
4.393 1.860
4.394 1.860
4.395 1.860
4.396 1.860
4.397 1.861
4.398 1.861
4.399 1.861
4.400 1.861
4.401 1.861
4.402 1.861
4.403 1.861
4.404 1.862
4.405 1.862
4.406 1.862
4.407 1.862
4.408 1.862
4.409 1.862
4.410 1.862
4.411 1.863
4.412 1.863
4.413 1.863
4.414 1.863
4.415 1.863
4.416 1.863
4.417 1.863
4.418 1.864
4.419 1.864
4.420 1.864
4.421 1.864
4.422 1.864
4.423 1.864
4.424 1.864
4.425 1.865
4.426 1.865
4.427 1.865
4.428 1.865
4.429 1.865
4.430 1.865
4.431 1.866
4.432 1.866
4.433 1.866
4.434 1.866
4.435 1.866
4.436 1.866
4.437 1.866
4.438 1.867
4.439 1.867
4.440 1.867
4.441 1.867
4.442 1.867
4.443 1.867
4.444 1.867
4.445 1.868
4.446 1.868
4.447 1.868
4.448 1.868
4.449 1.868
4.450 1.868
4.451 1.868
4.452 1.869
4.453 1.869
4.454 1.869
4.455 1.869
4.456 1.869
4.457 1.869
4.458 1.869
4.459 1.870
4.460 1.870
4.461 1.870
4.462 1.870
4.463 1.870
4.464 1.870
4.465 1.871
4.466 1.871
4.467 1.871
4.468 1.871
4.469 1.871
4.470 1.871
4.471 1.871
4.472 1.872
4.473 1.872
4.474 1.872
4.475 1.872
4.476 1.872
4.477 1.872
4.478 1.872
4.479 1.873
4.480 1.873
4.481 1.873
4.482 1.873
4.483 1.873
4.484 1.873
4.485 1.873
4.486 1.874
4.487 1.874
4.488 1.874
4.489 1.874
4.490 1.874
4.491 1.874
4.492 1.874
4.493 1.875
4.494 1.875
4.495 1.875
4.496 1.875
4.497 1.875
4.498 1.875
4.499 1.875
4.500 1.876
4.501 1.876
4.502 1.876
4.503 1.876
4.504 1.876
4.505 1.876
4.506 1.876
4.507 1.877
4.508 1.877
4.509 1.877
4.510 1.877
4.511 1.877
4.512 1.877
4.513 1.877
4.514 1.878
4.515 1.878
4.516 1.878
4.517 1.878
4.518 1.878
4.519 1.878
4.520 1.878
4.521 1.879
4.522 1.879
4.523 1.879
4.524 1.879
4.525 1.879
4.526 1.879
4.527 1.879
4.528 1.880
4.529 1.880
4.530 1.880
4.531 1.880
4.532 1.880
4.533 1.880
4.534 1.881
4.535 1.881
4.536 1.881
4.537 1.881
4.538 1.881
4.539 1.881
4.540 1.881
4.541 1.882
4.542 1.882
4.543 1.882
4.544 1.882
4.545 1.882
4.546 1.882
4.547 1.882
4.548 1.883
4.549 1.883
4.550 1.883
4.551 1.883
4.552 1.883
4.553 1.883
4.554 1.883
4.555 1.884
4.556 1.884
4.557 1.884
4.558 1.884
4.559 1.884
4.560 1.884
4.561 1.884
4.562 1.885
4.563 1.885
4.564 1.885
4.565 1.885
4.566 1.885
4.567 1.885
4.568 1.885
4.569 1.886
4.570 1.886
4.571 1.886
4.572 1.886
4.573 1.886
4.574 1.886
4.575 1.886
4.576 1.887
4.577 1.887
4.578 1.887
4.579 1.887
4.580 1.887
4.581 1.887
4.582 1.887
4.583 1.888
4.584 1.888
4.585 1.888
4.586 1.888
4.587 1.888
4.588 1.888
4.589 1.888
4.590 1.889
4.591 1.889
4.592 1.889
4.593 1.889
4.594 1.889
4.595 1.889
4.596 1.889
4.597 1.890
4.598 1.890
4.599 1.890
4.600 1.890
4.601 1.890
4.602 1.890
4.603 1.890
4.604 1.891
4.605 1.891
4.606 1.891
4.607 1.891
4.608 1.891
4.609 1.891
4.610 1.891
4.611 1.892
4.612 1.892
4.613 1.892
4.614 1.892
4.615 1.892
4.616 1.892
4.617 1.892
4.618 1.893
4.619 1.893
4.620 1.893
4.621 1.893
4.622 1.893
4.623 1.893
4.624 1.893
4.625 1.893
4.626 1.894
4.627 1.894
4.628 1.894
4.629 1.894
4.630 1.894
4.631 1.894
4.632 1.894
4.633 1.895
4.634 1.895
4.635 1.895
4.636 1.895
4.637 1.895
4.638 1.895
4.639 1.895
4.640 1.896
4.641 1.896
4.642 1.896
4.643 1.896
4.644 1.896
4.645 1.896
4.646 1.896
4.647 1.897
4.648 1.897
4.649 1.897
4.650 1.897
4.651 1.897
4.652 1.897
4.653 1.897
4.654 1.898
4.655 1.898
4.656 1.898
4.657 1.898
4.658 1.898
4.659 1.898
4.660 1.898
4.661 1.899
4.662 1.899
4.663 1.899
4.664 1.899
4.665 1.899
4.666 1.899
4.667 1.899
4.668 1.900
4.669 1.900
4.670 1.900
4.671 1.900
4.672 1.900
4.673 1.900
4.674 1.900
4.675 1.901
4.676 1.901
4.677 1.901
4.678 1.901
4.679 1.901
4.680 1.901
4.681 1.901
4.682 1.902
4.683 1.902
4.684 1.902
4.685 1.902
4.686 1.902
4.687 1.902
4.688 1.902
4.689 1.903
4.690 1.903
4.691 1.903
4.692 1.903
4.693 1.903
4.694 1.903
4.695 1.903
4.696 1.903
4.697 1.904
4.698 1.904
4.699 1.904
4.700 1.904
4.701 1.904
4.702 1.904
4.703 1.904
4.704 1.905
4.705 1.905
4.706 1.905
4.707 1.905
4.708 1.905
4.709 1.905
4.710 1.905
4.711 1.906
4.712 1.906
4.713 1.906
4.714 1.906
4.715 1.906
4.716 1.906
4.717 1.906
4.718 1.907
4.719 1.907
4.720 1.907
4.721 1.907
4.722 1.907
4.723 1.907
4.724 1.907
4.725 1.908
4.726 1.908
4.727 1.908
4.728 1.908
4.729 1.908
4.730 1.908
4.731 1.908
4.732 1.908
4.733 1.909
4.734 1.909
4.735 1.909
4.736 1.909
4.737 1.909
4.738 1.909
4.739 1.909
4.740 1.910
4.741 1.910
4.742 1.910
4.743 1.910
4.744 1.910
4.745 1.910
4.746 1.910
4.747 1.911
4.748 1.911
4.749 1.911
4.750 1.911
4.751 1.911
4.752 1.911
4.753 1.911
4.754 1.912
4.755 1.912
4.756 1.912
4.757 1.912
4.758 1.912
4.759 1.912
4.760 1.912
4.761 1.913
4.762 1.913
4.763 1.913
4.764 1.913
4.765 1.913
4.766 1.913
4.767 1.913
4.768 1.913
4.769 1.914
4.770 1.914
4.771 1.914
4.772 1.914
4.773 1.914
4.774 1.914
4.775 1.914
4.776 1.915
4.777 1.915
4.778 1.915
4.779 1.915
4.780 1.915
4.781 1.915
4.782 1.915
4.783 1.916
4.784 1.916
4.785 1.916
4.786 1.916
4.787 1.916
4.788 1.916
4.789 1.916
4.790 1.916
4.791 1.917
4.792 1.917
4.793 1.917
4.794 1.917
4.795 1.917
4.796 1.917
4.797 1.917
4.798 1.918
4.799 1.918
4.800 1.918
4.801 1.918
4.802 1.918
4.803 1.918
4.804 1.918
4.805 1.919
4.806 1.919
4.807 1.919
4.808 1.919
4.809 1.919
4.810 1.919
4.811 1.919
4.812 1.920
4.813 1.920
4.814 1.920
4.815 1.920
4.816 1.920
4.817 1.920
4.818 1.920
4.819 1.920
4.820 1.921
4.821 1.921
4.822 1.921
4.823 1.921
4.824 1.921
4.825 1.921
4.826 1.921
4.827 1.922
4.828 1.922
4.829 1.922
4.830 1.922
4.831 1.922
4.832 1.922
4.833 1.922
4.834 1.923
4.835 1.923
4.836 1.923
4.837 1.923
4.838 1.923
4.839 1.923
4.840 1.923
4.841 1.923
4.842 1.924
4.843 1.924
4.844 1.924
4.845 1.924
4.846 1.924
4.847 1.924
4.848 1.924
4.849 1.925
4.850 1.925
4.851 1.925
4.852 1.925
4.853 1.925
4.854 1.925
4.855 1.925
4.856 1.925
4.857 1.926
4.858 1.926
4.859 1.926
4.860 1.926
4.861 1.926
4.862 1.926
4.863 1.926
4.864 1.927
4.865 1.927
4.866 1.927
4.867 1.927
4.868 1.927
4.869 1.927
4.870 1.927
4.871 1.928
4.872 1.928
4.873 1.928
4.874 1.928
4.875 1.928
4.876 1.928
4.877 1.928
4.878 1.928
4.879 1.929
4.880 1.929
4.881 1.929
4.882 1.929
4.883 1.929
4.884 1.929
4.885 1.929
4.886 1.930
4.887 1.930
4.888 1.930
4.889 1.930
4.890 1.930
4.891 1.930
4.892 1.930
4.893 1.930
4.894 1.931
4.895 1.931
4.896 1.931
4.897 1.931
4.898 1.931
4.899 1.931
4.900 1.931
4.901 1.932
4.902 1.932
4.903 1.932
4.904 1.932
4.905 1.932
4.906 1.932
4.907 1.932
4.908 1.933
4.909 1.933
4.910 1.933
4.911 1.933
4.912 1.933
4.913 1.933
4.914 1.933
4.915 1.933
4.916 1.934
4.917 1.934
4.918 1.934
4.919 1.934
4.920 1.934
4.921 1.934
4.922 1.934
4.923 1.935
4.924 1.935
4.925 1.935
4.926 1.935
4.927 1.935
4.928 1.935
4.929 1.935
4.930 1.935
4.931 1.936
4.932 1.936
4.933 1.936
4.934 1.936
4.935 1.936
4.936 1.936
4.937 1.936
4.938 1.937
4.939 1.937
4.940 1.937
4.941 1.937
4.942 1.937
4.943 1.937
4.944 1.937
4.945 1.937
4.946 1.938
4.947 1.938
4.948 1.938
4.949 1.938
4.950 1.938
4.951 1.938
4.952 1.938
4.953 1.939
4.954 1.939
4.955 1.939
4.956 1.939
4.957 1.939
4.958 1.939
4.959 1.939
4.960 1.939
4.961 1.940
4.962 1.940
4.963 1.940
4.964 1.940
4.965 1.940
4.966 1.940
4.967 1.940
4.968 1.941
4.969 1.941
4.970 1.941
4.971 1.941
4.972 1.941
4.973 1.941
4.974 1.941
4.975 1.941
4.976 1.942
4.977 1.942
4.978 1.942
4.979 1.942
4.980 1.942
4.981 1.942
4.982 1.942
4.983 1.943
4.984 1.943
4.985 1.943
4.986 1.943
4.987 1.943
4.988 1.943
4.989 1.943
4.990 1.943
4.991 1.944
4.992 1.944
4.993 1.944
4.994 1.944
4.995 1.944
4.996 1.944
4.997 1.944
4.998 1.945
4.999 1.945
5.000 1.945
